"","a1","a2","a3","a4","a5","a6","s1","s2","s3","s4","s5","s6","c1","c2","c3","c4","c5","c6","scas1","scas2","scas3","scas4","scas5","scas6","swls"
"a1",1,0.538293240632963,0.591903976251785,0.432494785074493,0.325166122892028,0.609432314660806,0.254891851711754,0.302110620497388,0.308484480691511,0.319703120460504,0.253139245372675,0.297238125459662,0.265290338315667,0.25878927234576,0.176098224975772,0.25684412371477,0.25490980023493,0.238451502240536,0.286167086506432,0.27992404345448,0.196313765945491,0.125672629845635,0.362999915988505,0.272679860792148,-0.432194938482728
"a2",0.538293240632963,1,0.479434948359555,0.491368634221041,0.363377782238905,0.408110483448404,0.218068962811829,0.293124601697432,0.21105457983354,0.300184149820024,0.286259734663676,0.244214530398858,0.302838501358849,0.20589745282833,0.198475807047169,0.236532143085196,0.262099355692426,0.204055395966769,0.278216506260783,0.297012989897086,0.191318377599078,0.177565382494263,0.274635675346459,0.190645178582048,-0.370900530943297
"a3",0.591903976251785,0.479434948359555,1,0.456987102779678,0.334314815262104,0.617808156585552,0.277721058098543,0.25059447512114,0.266787886363061,0.274859122071447,0.228638839452132,0.280578618187214,0.243800187815381,0.314688066966349,0.167435828035576,0.242594154701181,0.233151911909556,0.241753062322143,0.263750898325615,0.191396119917534,0.274716176995885,0.165165562978777,0.251394017400508,0.216240121881098,-0.375208876342914
"a4",0.432494785074493,0.491368634221041,0.456987102779678,1,0.533393366354477,0.500569650226775,0.18273216061431,0.335455354197761,0.184672249622447,0.313101630365344,0.326336797057976,0.22732529012091,0.242784607260832,0.14651818418611,0.129660653977229,0.155936189996224,0.163123692003627,0.198448818255239,0.251040320774852,0.240568616142038,0.14950086738508,0.197011995665461,0.303909612808793,0.269792155874947,-0.359036558195959
"a5",0.325166122892028,0.363377782238905,0.334314815262104,0.533393366354477,1,0.419457661060393,0.183082597936623,0.284684170088798,0.152379297073556,0.237042305784203,0.190178523254728,0.136379117261193,0.252245655980197,0.113217230850738,0.142687225825108,0.165130981061669,0.14412645077157,0.153011287170902,0.170496254510503,0.244958181922401,0.0880951621528222,0.194723059318399,0.329040967301085,0.296926436795803,-0.249037940911473
"a6",0.609432314660806,0.408110483448404,0.617808156585552,0.500569650226775,0.419457661060393,1,0.284729958633956,0.376305192711169,0.316856516710589,0.349579528746507,0.269123216757363,0.306636946192341,0.36516390187222,0.33931289972261,0.249960372245578,0.334877426864552,0.273587887299528,0.28581391457502,0.368976720258965,0.315815530439026,0.218711967168035,0.201718170810721,0.392173106146564,0.341999315079012,-0.482541055708769
"s1",0.254891851711754,0.218068962811829,0.277721058098543,0.18273216061431,0.183082597936623,0.284729958633956,1,0.398513271343062,0.429106553113067,0.34362314171306,0.358857621550764,0.523370287719608,0.236079231737404,0.256637600071317,0.105455381863241,0.266818065759225,0.19627020791793,0.188856965322043,0.304335670558374,0.249838816224929,0.158773960603337,0.113323166100234,0.252597965867669,0.214359083902985,-0.373488102398821
"s2",0.302110620497388,0.293124601697432,0.25059447512114,0.335455354197761,0.284684170088798,0.376305192711169,0.398513271343062,1,0.382591641156005,0.510333906592547,0.615927038017152,0.381960247130701,0.345708733499007,0.240754893734939,0.31912923635249,0.320981262755149,0.262142270140266,0.283406217318865,0.336889563083363,0.384471918206773,0.18768136702259,0.266945460716964,0.354276525394842,0.383913815205475,-0.373424047348663
"s3",0.308484480691511,0.21105457983354,0.266787886363061,0.184672249622447,0.152379297073556,0.316856516710589,0.429106553113067,0.382591641156005,1,0.474526316474402,0.366533207819178,0.527161867896995,0.244633092452952,0.282077841993703,0.139375376454105,0.242619175233601,0.241216910600227,0.191066300294663,0.37409418990534,0.307019256601733,0.258827676845341,0.120846982170385,0.249803440499868,0.21834006884359,-0.422337097021718
"s4",0.319703120460504,0.300184149820024,0.274859122071447,0.313101630365344,0.237042305784203,0.349579528746507,0.34362314171306,0.510333906592547,0.474526316474402,1,0.536351717574042,0.443831977272254,0.410169863311807,0.375675065368579,0.27646908189869,0.28671270293061,0.357827693217824,0.370464184426637,0.36033637570339,0.417617298408241,0.272404492817757,0.275374936220932,0.36412506019021,0.402911569515539,-0.482865072749547
"s5",0.253139245372675,0.286259734663676,0.228638839452132,0.326336797057976,0.190178523254728,0.269123216757363,0.358857621550764,0.615927038017152,0.366533207819178,0.536351717574042,1,0.397209231099399,0.336227152496738,0.272460587305553,0.24553783618766,0.238610258655772,0.249747057863544,0.293796766872768,0.311851754490391,0.341305851640964,0.190378666670194,0.221049582193698,0.283993926020357,0.309765850973972,-0.405637896018786
"s6",0.297238125459662,0.244214530398858,0.280578618187214,0.22732529012091,0.136379117261193,0.306636946192341,0.523370287719608,0.381960247130701,0.527161867896995,0.443831977272254,0.397209231099399,1,0.200689553383671,0.233723579702577,0.107355123530284,0.263924734094573,0.2210023118563,0.191006407787017,0.352717603409843,0.24897654088113,0.247786500809254,0.132655110080856,0.256852405542414,0.18488601995699,-0.494439662854406
"c1",0.265290338315667,0.302838501358849,0.243800187815381,0.242784607260832,0.252245655980197,0.36516390187222,0.236079231737404,0.345708733499007,0.244633092452952,0.410169863311807,0.336227152496738,0.200689553383671,1,0.440242361059141,0.468682050114035,0.473559049585937,0.456314679520958,0.513347895691856,0.292304010283187,0.379356845355926,0.297030804774658,0.225786185112645,0.329121204782782,0.356533401529198,-0.358099015689039
"c2",0.25878927234576,0.20589745282833,0.314688066966349,0.14651818418611,0.113217230850738,0.33931289972261,0.256637600071317,0.240754893734939,0.282077841993703,0.375675065368579,0.272460587305553,0.233723579702577,0.440242361059141,1,0.298101348982132,0.455407995331305,0.542995796572527,0.455594404348447,0.302658738254223,0.332147133905095,0.319851432579474,0.201383561799287,0.241501809421737,0.265736588437487,-0.373118723408025
"c3",0.176098224975772,0.198475807047169,0.167435828035576,0.129660653977229,0.142687225825108,0.249960372245578,0.105455381863241,0.31912923635249,0.139375376454105,0.27646908189869,0.24553783618766,0.107355123530284,0.468682050114035,0.298101348982132,1,0.321003919078617,0.354967208993674,0.391187341782858,0.230234902244149,0.253094994268199,0.16534201831471,0.13790480585247,0.234016587406017,0.274143749352059,-0.248845626555628
"c4",0.25684412371477,0.236532143085196,0.242594154701181,0.155936189996224,0.165130981061669,0.334877426864552,0.266818065759225,0.320981262755149,0.242619175233601,0.28671270293061,0.238610258655772,0.263924734094573,0.473559049585937,0.455407995331305,0.321003919078617,1,0.543454692039824,0.402186906162827,0.326988905642422,0.358636741770873,0.392233517586611,0.262342970375419,0.260579326914395,0.217560079712909,-0.367406152579405
"c5",0.25490980023493,0.262099355692426,0.233151911909556,0.163123692003627,0.14412645077157,0.273587887299528,0.19627020791793,0.262142270140266,0.241216910600227,0.357827693217824,0.249747057863544,0.2210023118563,0.456314679520958,0.542995796572527,0.354967208993674,0.543454692039824,1,0.561599538798326,0.336264065440086,0.393071180405766,0.420999414466635,0.236458071785269,0.296963422955942,0.309126611332599,-0.394757846346542
"c6",0.238451502240536,0.204055395966769,0.241753062322143,0.198448818255239,0.153011287170902,0.28581391457502,0.188856965322043,0.283406217318865,0.191066300294663,0.370464184426637,0.293796766872768,0.191006407787017,0.513347895691856,0.455594404348447,0.391187341782858,0.402186906162827,0.561599538798326,1,0.319325354374208,0.369589438866703,0.320057929002979,0.248259104769411,0.312417017613286,0.350090802682507,-0.334469604495506
"scas1",0.286167086506432,0.278216506260783,0.263750898325615,0.251040320774852,0.170496254510503,0.368976720258965,0.304335670558374,0.336889563083363,0.37409418990534,0.36033637570339,0.311851754490391,0.352717603409843,0.292304010283187,0.302658738254223,0.230234902244149,0.326988905642422,0.336264065440086,0.319325354374208,1,0.424734544322055,0.478035462142034,0.231173040042784,0.484086101727671,0.340060218433897,-0.574785470068567
"scas2",0.27992404345448,0.297012989897086,0.191396119917534,0.240568616142038,0.244958181922401,0.315815530439026,0.249838816224929,0.384471918206773,0.307019256601733,0.417617298408241,0.341305851640964,0.24897654088113,0.379356845355926,0.332147133905095,0.253094994268199,0.358636741770873,0.393071180405766,0.369589438866703,0.424734544322055,1,0.269990603022549,0.28984961777403,0.405477824908856,0.450751518664267,-0.51253416682529
"scas3",0.196313765945491,0.191318377599078,0.274716176995885,0.14950086738508,0.0880951621528222,0.218711967168035,0.158773960603337,0.18768136702259,0.258827676845341,0.272404492817757,0.190378666670194,0.247786500809254,0.297030804774658,0.319851432579474,0.16534201831471,0.392233517586611,0.420999414466635,0.320057929002979,0.478035462142034,0.269990603022549,1,0.322550002194779,0.306893907912804,0.200944220126279,-0.415162104191092
"scas4",0.125672629845635,0.177565382494263,0.165165562978777,0.197011995665461,0.194723059318399,0.201718170810721,0.113323166100234,0.266945460716964,0.120846982170385,0.275374936220932,0.221049582193698,0.132655110080856,0.225786185112645,0.201383561799287,0.13790480585247,0.262342970375419,0.236458071785269,0.248259104769411,0.231173040042784,0.28984961777403,0.322550002194779,1,0.1417960331635,0.190068105732033,-0.305514802714179
"scas5",0.362999915988505,0.274635675346459,0.251394017400508,0.303909612808793,0.329040967301085,0.392173106146564,0.252597965867669,0.354276525394842,0.249803440499868,0.36412506019021,0.283993926020357,0.256852405542414,0.329121204782782,0.241501809421737,0.234016587406017,0.260579326914395,0.296963422955942,0.312417017613286,0.484086101727671,0.405477824908856,0.306893907912804,0.1417960331635,1,0.647464733241357,-0.464076959961023
"scas6",0.272679860792148,0.190645178582048,0.216240121881098,0.269792155874947,0.296926436795803,0.341999315079012,0.214359083902985,0.383913815205475,0.21834006884359,0.402911569515539,0.309765850973972,0.18488601995699,0.356533401529198,0.265736588437487,0.274143749352059,0.217560079712909,0.309126611332599,0.350090802682507,0.340060218433897,0.450751518664267,0.200944220126279,0.190068105732033,0.647464733241357,1,-0.391608796452614
"swls",-0.432194938482728,-0.370900530943297,-0.375208876342914,-0.359036558195959,-0.249037940911473,-0.482541055708769,-0.373488102398821,-0.373424047348663,-0.422337097021718,-0.482865072749547,-0.405637896018786,-0.494439662854406,-0.358099015689039,-0.373118723408025,-0.248845626555628,-0.367406152579405,-0.394757846346542,-0.334469604495506,-0.574785470068567,-0.51253416682529,-0.415162104191092,-0.305514802714179,-0.464076959961023,-0.391608796452614,1
