"","a1","a3","a6","c1","c3","c6"
"a1",1,0.591903976251785,0.609432314660806,0.265290338315667,0.176098224975772,0.238451502240536
"a3",0.591903976251785,1,0.617808156585552,0.243800187815381,0.167435828035576,0.241753062322143
"a6",0.609432314660806,0.617808156585552,1,0.36516390187222,0.249960372245578,0.28581391457502
"c1",0.265290338315667,0.243800187815381,0.36516390187222,1,0.468682050114035,0.513347895691856
"c3",0.176098224975772,0.167435828035576,0.249960372245578,0.468682050114035,1,0.391187341782858
"c6",0.238451502240536,0.241753062322143,0.28581391457502,0.513347895691856,0.391187341782858,1
